001. 233168
002. 4613732
003. 6857
004. 906609
005. 232792560
006. 25164150
007. 104743
008. 40824
009. 31875000
010. 142913828922
011. 70600674
012. 76576500
013. 5537376230
014. 837799
015. 137846528820
016. 1366
017. 21124
018. 1074
019. 171
020. 648
021. 31626
022. 871198282
023. 4179871
024. 2783915460
025. 4782
026. 983
027. -59231
028. 669171001
029. 9183
030. 443839
031. 73682
032. 45228
033. 100
034. 40730
035. 55
036. 872187
037. 748317
038. 932718654
039. 840
040. 210
041. 7652413
042. 162
043. 16695334890
044. 5482660
045. 1533776805
046. 5777
047. 134043
048. 9110846700
049. 296962999629
050. 997651
051. 121313
052. 142857
053. 4075
054. 376
055. 249
056. 972
057. 153
058. 26241
059. 107359
060. 26033
061. 28684
062. 127035954683
063. 49
064. 1322
065. 272
066. 661
067. 7273
068. 6531031914842725
069. 510510
070. 8319823
071. 428570
072. 303963552391
073. 7295372
074. 402
075. 161667
076. 190569291
077. 71
078. 55374
079. 73162890
080. 40886
081. 427337
082. 260324
083. 425185
084. 101524
085. 2772
086. 1818
087. 1097343
088. 7587457
089. 743
090. 1217
091. 14234
092. 8581146
093. 1258
094. 518408346
095. 14316
096. 24702
097. 8739992577
098. 18769
099. 709
100. 756872327473
101. 37076114526
102. 228
103. 20313839404245
104. 329468
105. 73702
106. 21384
107. 259679
108. 180180
109. 38182
110. 9350130049860600
111. 612407567715
112. 1587000
113. 51161058134250
114. 16475640049
115. 168
116. 20492570929
117. 100808458960497
118. 44680
119. 248155780267521
120. 333082500
121. 2269
122. 1582
123. 21035
124. 21417
125. 2906969179
126. 18522
127. 18407904
128. 14516824220
129. 1000023
130. 149253
131. 173
132. 843296
133. 453647705
134. 18613426663617118
135. 4989
136. 2544559
137. 1120149658760
138. 1118049290473932
139. 10057761
140. 5673835352990
141. 878454337159
142. 1006193
143. 30758397
144. 354
145. 608720
146. 676333270
147. 846910284
148. 2129970655314432
149. 52852124
150. -271248680
151. 0.464399
152. 301
153. 17971254122360635
154. 479742450
155. 3857447
156. 21295121502550
157. 53490
158. 409511334375
159. 14489159
160. 16576
161. 20574308184277971
162. 3D58725572C62302
163. 343047
164. 378158756814587
165. 2868868
166. 7130034
167. 3916160068885
168. 59206
169. 178653872807
170. 9857164023
171. 142989277
172. 227485267000992000
173. 1572729
174. 209566
175. 1,13717420,8
176. 96818198400000
177. 129325
178. 126461847755
179. 986262
180. 285196020571078987
181. 83735848679360680
182. 399788195976
183. 48861552
184. 1725323624056
185. 4640261571849533
186. 2325629
187. 17427258
188. 95962097
189. 10834893628237824
190. 371048281
191. 1918080160
192. 57060635927998347
193. 684465067343069
194. 61190912
195. 75085391
196. 322303240771079935
197. 1.710637717
198. 52374425
199. 0.00396087
200. 229161792008
201. 115039000
202. 1209002624
203. 34029210557338
204. 2944730
205. 0.5731441
206. 1389019170
207. 44043947822
208. 331951449665644800
209. 15964587728784
210. 1598174770174689458
211. 1922364685
212. 328968937309
213. 330.721154
214. 1677366278943
215. 806844323190414
216. 5437849
217. 6273134
218. 0
219. 64564225042
220. 139776,963904
221. 1884161251122450
222. 1590933
223. 61614848
224. 4137330
225. 2009
226. 0.11316017
227. 3780.618622
228. 86226
229. 11325263
230. 850481152593119296
231. 7526965179680
232. 0.83648556
233. 271204031455541309
234. 1259187438574927161
235. 1.002322108633
236. 123/59
237. 15836928
238. 9922545104535661
239. 0.001887854841
240. 7448717393364181966
241. 482316491800641154
242. 997104142249036713
243. 892371480
244. 96356848
245. 288084712410001
246. 810834388
247. 782252
248. 23507044290
249. 9275262564250418
250. 1425480602091519
251. 18946051
252. 104924.0
253. 11.492847
254. 8184523820510
255. 4.4474011180
256. 85765680
257. 139012411
258. 12747994
259. 20101196798
260. 167542057
261. 238890850232021
262. 2531.205
263. 2039506520
264. 2816417.1055
265. 209110240768
266. 1096883702440585
267. 0.999992836187
268. 785478606870985
269. 1311109198529286
270. 82282080
271. 4617456485273129588
272. 8495585919506151122
273. 2032447591196869022
274. 1601912348822
275. 15030564
276. 5777137137739632912
277. 1125977393124310
278. 1228215747273908452
279. 416577688
280. 430.088247
281. 1485776387445623
282. 1098988351
283. 28038042525570324
284. 5a411d7b
285. 157055.80999
286. 52.6494571953
287. 313135496
288. 605857431263981935
289. 6567944538
290. 20444710234716473
291. 4037526
292. 3600060866
293. 2209
294. 789184709
295. 4884650818
296. 1137208419
297. 2252639041804718029
298. 1.76882294
299. 549936643
300. 8.0540771484375
301. 2178309
302. 1170060
303. 1111981904675169
304. 283988410192
305. 18174995535140
306. 852938
307. 0.7311720251
